0: 229 133 177 181
0: 226 132 178 182
0: 224 132 178 182
0: 223 133 178 182
0: 221 133 178 182
0: 219 134 179 183
0: 216 134 180 184
0: 213 134 181 185
0: 211 134 182 186
0: 208 134 183 187
0: 205 133 185 189
0: 203 131 187 191
0: 201 129 189 193
0: 200 126 191 195
0: 199 123 193 197
0: 199 122 195 199
0: 200 121 196 200
0: 201 120 197 201
0: 202 119 198 202
0: 205 119 199 203
0: 208 119 199 203
0: 210 119 199 203
0: 212 119 199 203
0: 212 118 199 203
0: 212 116 200 204
0: 210 110 204 208
0: 208 103 208 212
0: 206 97 211 215
0: 203 92 214 218
0: 202 91 214 218
0: 203 92 213 217
0: 204 95 211 215
0: 205 97 211 215
0: 206 99 210 214
0: 206 100 211 215
0: 205 99 213 217
0: 202 98 215 219
0: 200 98 216 220
0: 198 98 216 220
0: 197 100 214 218
0: 197 103 212 216
0: 198 106 209 213
0: 199 109 206 210
0: 198 109 205 209
0: 195 106 207 211
0: 191 102 209 213
0: 187 97 211 215
0: 184 94 212 216
0: 182 93 212 216
0: 182 95 210 214
0: 184 101 206 210
0: 185 104 205 209
0: 183 104 206 210
0: 180 102 209 213
0: 178 99 212 216
0: 177 96 214 218
0: 176 94 215 219
0: 176 94 215 219
0: 177 98 213 217
0: 179 103 210 214
0: 179 107 209 213
0: 178 108 209 213
0: 176 106 211 215
0: 173 102 215 219
0: 171 99 217 221
0: 169 96 219 223
0: 169 96 219 223
0: 170 96 218 222
0: 172 98 215 219
0: 172 99 214 218
0: 169 96 216 220
0: 166 93 219 223
0: 163 89 223 227
0: 161 85 225 229
0: 161 85 225 229
0: 164 89 221 225
0: 169 96 216 220
0: 173 102 212 216
0: 176 109 209 213
0: 177 111 209 213
0: 177 112 210 214
0: 177 112 211 215
0: 178 113 211 215
0: 181 117 209 213
0: 185 121 207 211
0: 190 127 205 209
0: 195 134 202 206
0: 199 141 200 204
0: 203 147 197 201
0: 206 151 195 199
0: 209 153 193 197
0: 211 151 193 197
0: 213 149 193 197
0: 215 145 194 198
0: 217 141 195 199
0: 219 136 196 201
0: 222 130 197 202
0: 226 125 198 203
0: 230 120 199 204
0: 234 116 200 205
0: 238 113 201 206
0: 241 112 201 206
0: 243 112 201 206
0: 244 112 201 206
0: 244 112 201 206
0: 243 112 201 206
0: 241 111 201 206
0: 239 109 201 206
0: 237 108 201 205
0: 234 106 202 206
0: 231 104 203 207
0: 227 102 204 208
0: 223 100 205 209
0: 212 108 197 201
0: 208 105 198 202
0: 202 99 203 207
0: 197 93 205 209
0: 191 87 209 214
0: 185 79 211 216
0: 181 75 213 218
0: 177 74 214 219
0: 173 74 217 222
0: 169 75 218 223
0: 165 77 218 223
0: 163 80 218 223
0: 163 84 217 222
0: 164 88 216 221
0: 167 92 216 221
0: 172 96 215 220
0: 178 99 214 219
0: 184 101 214 219
0: 190 101 214 219
0: 196 101 214 219
0: 202 100 215 220
0: 209 98 216 221
0: 216 97 217 222
0: 224 96 218 223
0: 231 95 220 225
0: 237 94 222 227
0: 242 90 224 229
0: 247 87 225 230
0: 249 84 226 231
0: 248 82 228 233
0: 245 81 230 235
0: 241 80 230 235
0: 237 79 230 235
0: 235 78 232 237
0: 234 77 233 238
0: 233 76 234 239
0: 232 76 233 238
0: 230 77 232 237
0: 227 79 230 235
0: 224 81 228 233
0: 222 84 225 230
0: 220 86 223 228
0: 217 88 222 227
0: 215 91 221 226
0: 214 94 220 225
0: 214 97 219 224
0: 217 101 217 222
0: 220 105 215 219
0: 223 109 212 216
0: 225 113 210 214
0: 226 115 209 213
0: 226 116 208 212
0: 226 117 207 211
0: 225 118 206 210
0: 224 120 203 207
0: 223 122 201 205
0: 222 123 198 202
0: 222 123 196 200
0: 223 124 195 198
0: 224 123 195 198
0: 226 121 194 197
0: 229 119 194 197
0: 233 118 193 196
0: 237 117 193 196
0: 239 115 194 197
0: 239 113 196 199
0: 239 110 197 200
0: 240 108 198 201
0: 240 107 198 201
0: 240 106 198 201
0: 239 105 198 201
0: 238 104 199 202
0: 236 102 200 203
0: 234 100 200 203
0: 232 98 200 203
0: 230 96 201 204
0: 227 94 201 204
0: 224 92 201 204
0: 222 90 201 204
0: 219 88 202 205
0: 215 86 203 206
0: 212 84 203 206
0: 209 83 203 206
0: 206 82 203 206
0: 204 82 202 205
0: 202 81 202 205
0: 199 80 203 206
0: 197 79 203 206
0: 195 79 203 206
0: 193 79 203 206
0: 192 80 203 206
0: 192 81 203 206
0: 192 81 203 206
0: 192 82 203 206
0: 192 84 203 206
0: 193 86 202 205
0: 194 87 201 204
0: 195 88 201 204
0: 204 110 197 201
0: 204 111 197 201
0: 204 112 196 200
0: 204 113 195 199
0: 204 114 194 198
0: 204 115 193 197
0: 205 116 192 196
0: 206 117 192 196
0: 207 117 193 197
0: 209 117 193 197
0: 212 116 193 197
0: 215 115 193 197
0: 217 114 194 198
0: 218 114 194 198
0: 217 115 195 199
0: 215 117 197 201
0: 215 118 197 201
0: 215 118 196 200
0: 214 118 196 200
0: 214 119 195 199
0: 213 120 194 198
0: 211 120 193 197
0: 208 120 193 197
0: 205 120 193 197
0: 201 120 193 197
0: 197 121 193 197
0: 193 121 193 197
0: 190 121 193 197
0: 188 120 194 198
0: 187 118 194 198
0: 186 115 195 199
0: 186 111 196 200
0: 187 108 197 201
0: 189 105 196 200
0: 191 101 196 200
0: 192 98 196 200
0: 193 96 198 202
0: 194 94 199 203
0: 194 92 201 205
0: 194 91 201 205
0: 194 89 202 206
0: 194 88 202 206
0: 195 86 202 206
0: 196 86 202 206
0: 196 86 202 206
0: 196 86 202 206
0: 196 87 202 206
0: 196 88 202 206
0: 196 89 202 206
0: 196 89 202 206
0: 196 89 202 206
0: 196 89 202 206
0: 196 90 201 205
0: 197 91 200 204
0: 198 93 199 203
0: 199 97 198 202
0: 200 101 198 202
0: 201 106 197 201
0: 202 108 196 200
0: 201 110 196 200
0: 201 110 196 200
0: 201 108 197 201
0: 201 106 197 201
0: 201 103 198 202
0: 203 101 200 204
0: 205 98 202 206
0: 207 97 204 208
0: 210 97 205 209
0: 213 98 205 209
0: 215 99 205 209
0: 216 102 205 209
0: 217 105 205 209
0: 217 107 205 209
0: 217 108 206 210
0: 217 107 207 211
0: 218 106 208 212
0: 218 105 209 213
0: 218 103 211 215
0: 218 102 212 216
0: 218 101 213 217
0: 218 99 214 218
0: 218 98 215 219
0: 218 97 215 219
0: 217 96 216 220
0: 216 95 216 220
0: 216 94 216 220
0: 215 93 215 219
0: 213 92 215 219
0: 212 91 215 219
0: 211 90 215 219
0: 210 89 215 219
0: 209 88 215 219
0: 208 87 214 218
0: 207 87 214 218
0: 206 87 214 218
0: 206 88 213 217
0: 205 89 213 217
0: 203 90 213 217
0: 201 91 213 217
0: 199 92 213 217
0: 198 92 213 217
0: 197 93 212 216
0: 196 93 212 216
0: 195 93 212 216
0: 194 94 212 216
0: 193 95 212 216
0: 193 96 211 215
0: 193 97 210 214
0: 193 98 209 213
0: 193 99 208 212
0: 193 99 208 212
0: 193 99 208 212
0: 195 99 208 212
0: 197 99 208 212
0: 198 100 208 212
0: 198 100 207 211
0: 197 100 207 211
0: 197 99 207 211
0: 197 98 207 211
0: 196 97 208 212
0: 196 97 209 213
0: 197 99 208 212
0: 199 100 208 212
0: 202 102 207 211
0: 206 102 207 211
0: 209 103 209 213
0: 211 104 211 215
0: 213 104 214 218
0: 216 104 215 219
0: 218 103 217 221
0: 221 100 218 222
0: 223 97 219 223
0: 225 93 220 224
0: 226 89 221 225
0: 229 88 222 226
0: 231 90 223 227
0: 233 91 223 227
0: 234 92 223 227
0: 234 94 223 227
0: 234 98 223 227
0: 233 98 224 228
0: 233 96 225 229
0: 233 92 226 230
0: 233 89 227 231
0: 233 87 228 232
0: 232 85 230 234
0: 231 83 232 236
0: 230 83 232 236
0: 229 82 232 236
0: 228 81 231 235
0: 226 79 231 235
0: 244 106 222 226
0: 241 104 222 226
0: 239 103 221 225
0: 237 102 220 224
0: 235 102 219 223
0: 233 102 218 222
0: 231 103 217 221
0: 228 103 216 220
0: 225 103 215 219
0: 222 104 214 218
0: 220 105 212 216
0: 218 108 211 215
0: 216 112 210 214
0: 215 115 209 213
0: 213 118 208 212
0: 211 121 207 211
0: 209 123 206 210
0: 208 124 206 210
0: 206 124 206 210
0: 204 124 206 210
0: 201 122 208 212
0: 198 120 208 212
0: 195 119 209 213
0: 192 115 210 214
0: 189 112 210 214
0: 187 109 209 213
0: 187 108 209 213
0: 187 109 208 212
0: 188 112 207 211
0: 189 115 206 210
0: 189 121 205 209
0: 190 124 203 207
0: 191 126 202 206
0: 190 128 202 206
0: 187 126 203 207
0: 183 120 204 208
0: 179 114 204 208
0: 174 109 203 207
0: 170 105 203 207
0: 167 103 203 207
0: 165 103 202 206
0: 165 105 201 205
0: 166 105 201 205
0: 169 108 202 206
0: 173 111 203 207
0: 176 113 203 207
0: 178 113 204 208
0: 179 112 205 209
0: 178 110 206 210
0: 176 108 207 211
0: 173 105 208 212
0: 170 103 209 213
0: 169 102 210 214
0: 170 103 210 214
0: 172 105 209 213
0: 173 108 209 213
0: 174 110 209 213
0: 174 110 210 214
0: 174 109 213 217
0: 176 108 214 218
0: 211 130 204 208
0: 214 132 203 207
0: 217 136 201 205
0: 217 136 201 205
0: 215 134 203 207
0: 213 132 204 208
0: 212 131 205 209
0: 212 132 205 209
0: 213 135 205 209
0: 214 137 204 208
0: 215 139 203 207
0: 216 141 203 207
0: 217 143 203 206
0: 219 146 202 205
0: 220 149 202 205
0: 222 154 200 203
0: 225 161 198 201
